Date	period	outcome_LiborRepo	nonfinancial_MortgageDebtToIncome	nonfinancial_ConsumerCredit	nonfinancial_HouseholdDebtToIncome	nonfinancial_CommercialRealEstateCredit	nonfinancial_CorporateCredit	nonfinancial_CorporateDebtToIncome	nonfinancial_CurrentAccount	nonfinancial_ForeignAssetPositionGDP	nonfinancial_ExternalDebtToGDP	asset_HousePriceToIncome	asset_HousePriceToRent	asset_HousePriceGrowth	asset_InvestmentGradeBondSpread	asset_equityPEratio	credit_SpreadNewMortgage	credit_DiffSpreadHighLowLTV	credit_SpreadHouseholdLending			
1997 Q1	1	26.36	61.45	8.25	86.23	-2.82	7.07	 219.77 	0.501906135	5.34	164.2552411	2.17	71.8	-3.98	45.98	5.733944954	90.23	5.42	612.0095943			
1997 Q2	2	-2.09	61.47	7.79	86.58	4.36	7.47	 227.77 	-0.293766055	5.93	167.1016621	2.17	71.38	-3.18	45.84	5.515719801	65.72	3.66	559.2999623			
1997 Q3	3	14.40	61.40	7.15	87.06	-0.89	9.35	 238.11 	0.371140143	4.16	173.435886	2.22	73.59	-2.49	48.38	5.015045135	65.29	2.05	550.9820308			
1997 Q4	4	25.53	61.43	7.07	87.31	-4.38	7.81	 238.58 	-0.766139476	4.51	176.4561277	2.18	72.71	-1.70	54.52	5.151983514	67.19	15.93	547.4292203			
1998 Q1	5	30.91	61.66	7.60	87.87	2.35	8.49	 241.99 	-1.289016463	2.22	173.5321685	2.26	75.73	-0.87	61.33	4.574565416	78.38	19.02	544.232939			
1998 Q2	6	6.89	62.31	7.34	89.04	-0.86	8.14	 242.05 	-1.191798931	0.08	177.615512	2.34	77.56	-0.05	64.30	4.595588235	58.13	23.69	517.6909142			
1998 Q3	7	64.42	63.24	7.41	90.60	9.26	7.57	 256.15 	0.707773897	-4.04	181.7110398	2.41	79.7	0.95	83.22	5.376344086	114.44	17.9	539.4366956			
1998 Q4	8	120.82	63.73	7.53	91.31	15.06	8.32	 252.75 	-0.258380814	-5.65	180.7460043	2.46	81.38	1.53	128.88	4.677268475	140	9.46	604.0927212			
1999 Q1	9	70.82	64.25	8.14	92.65	17.11	9.07	 265.85 	-3.019672449	-7.75	186.4813208	2.5	82.27	2.09	109.33	4.125412541	101.2	24.52	598.0082794			
1999 Q2	10	50.28	64.91	8.05	93.28	12.83	9.39	 278.71 	-2.462491274	-3.22	184.6622106	2.6	84.35	2.65	106.19	3.709198813	92.03	8.65	594.6831508			
1999 Q3	11	-1.67	65.86	8.39	94.51	11.44	9.04	 276.66 	-2.675066262	-2.71	180.1067574	2.67	86.81	3.15	113.22	3.941663382	64.6	18.57	537.7734821			
1999 Q4	12	44.58	66.14	8.72	94.91	14.64	9.23	 292.33 	-1.73467079	-6.20	177.2226347	2.72	88.92	3.80	120.42	3.491620112	81.56	25.51	528.8277772			
2000 Q1	13	22.86	65.91	8.63	94.67	13.98	9.24	 299.32 	-2.224835615	-3.92	189.5047984	2.74	91.17	4.41	125.25	3.679175865	71.87	18.52	477.3846214			
2000 Q2	14	37.81	66.54	8.88	95.49	18.70	8.70	 311.03 	-2.542472173	3.29	199.0641066	2.84	93.85	4.64	143.55	3.789314134	88.32	15.5	501.1301059			
2000 Q3	15	38.06	66.82	8.30	95.76	22.06	8.08	 315.62 	-2.318003353	2.17	200.492122	2.81	93.69	4.64	144.33	4.00160064	84.63	23.51	492.4117866			
2000 Q4	16	41.14	66.92	7.68	95.79	23.27	7.09	 321.66 	-1.971086394	2.16	204.4848182	2.85	95.73	4.49	130.97	4.442470013	89.79	15.35	499.8122119			
2001 Q1	17	44.08	67.14	8.23	96.46	24.02	8.71	 342.98 	-1.806948591	2.82	228.2662934	2.86	97.2	4.35	127.11	4.943153732	89.13	11.1	501.2911384			
2001 Q2	18	22.51	68.03	8.59	97.69	23.84	8.16	 340.67 	-2.389052192	1.52	224.5946229	2.89	97.08	4.33	118.73	4.761904762	80.36	7.79	523.351958			
2001 Q3	19	67.67	69.25	9.64	99.44	24.32	8.73	 340.92 	-2.361464478	1.08	222.4301693	2.94	99.24	4.58	114.63	5.376344086	80.31	15.66	548.6950217			
2001 Q4	20	28.72	70.53	11.04	101.63	22.76	10.58	 344.19 	-1.704736457	-2.06	220.81339	2.96	100.22	5.29	122.44	4.732607667	88.43	18.18	570.3070404			
2002 Q1	21	7.88	71.70	11.95	103.77	20.88	9.78	 341.13 	-2.099794239	-0.69	221.4736844	3.03	102.96	6.09	107.59	4.277159966	84.79	20.1	544.3292275			
2002 Q2	22	19.22	73.09	12.98	105.55	21.08	10.65	 341.51 	-3.01293531	2.15	221.2569232	3.18	107.7	7.02	100.02	4.789272031	92.71	19.16	541.0530485			
2002 Q3	23	23.81	75.00	14.49	108.42	20.00	12.53	 347.23 	-1.56318817	3.57	219.8572219	3.35	114.09	8.00	126.06	5.659309564	94.29	17.39	490.8863704			
2002 Q4	24	12.78	76.94	14.24	110.32	19.86	10.22	 331.87 	-1.561039816	3.46	221.9880548	3.55	121.28	8.90	135.52	5.15995872	97.71	19.12	490.8129668			
2003 Q1	25	30.53	79.10	14.06	112.04	21.85	9.17	 322.20 	-0.793619868	5.91	236.203361	3.63	124.66	9.64	127.97	6.049606776	97.99	11.29	453.3795965			
2003 Q2	26	18.48	81.44	14.14	115.18	23.25	9.53	 329.28 	-2.1816477	3.21	240.3710609	3.67	125.34	10.39	108.36	5.720823799	83.65	15.48	446.1751842			
2003 Q3	27	2.44	83.92	13.66	118.38	20.55	8.43	 329.18 	-2.515939868	2.79	242.2594763	3.71	127.18	11.11	87.02	5.672149745	86.25	24.06	445.3317925			
2003 Q4	28	7.39	86.13	15.39	121.11	16.77	10.02	 322.87 	-1.551923035	2.52	236.0613929	3.8	131.32	11.71	75.42	5.285412262	99.28	21.46	444.4218771			
2004 Q1	29	-2.79	88.03	15.30	123.42	15.46	10.51	 322.51 	-2.350910881	1.58	247.7870894	3.84	133.65	12.50	78.92	5.77034045	88.63	21.78	399.9367819			
2004 Q2	30	-5.68	89.96	14.97	125.55	16.62	9.99	 313.37 	-2.523573171	-1.88	249.9049265	3.97	137.61	13.33	83.64	5.854800937	89.42	19.2	371.3736242			
2004 Q3	31	19.67	91.82	14.16	127.57	16.50	9.33	 322.70 	-3.413352659	-5.15	261.0097221	4.06	141.7	13.87	84.03	6.25	70.01	24	341.6452097			
2004 Q4	32	15.98	93.26	12.33	129.32	16.39	8.21	 329.76 	-1.025850478	-3.78	263.246064	4.11	143.5	13.99	77.09	6.402048656	72.38	19.2	374.7478074			
2005 Q1	33	11.31	93.67	11.20	129.97	18.80	8.11	 339.58 	-2.164596713	-3.51	277.3546153	4.12	144.14	13.55	69.50	6.435006435	62.85	22.58	397.2366702			
2005 Q2	34	24.67	95.07	10.46	131.41	18.69	7.87	 351.64 	-0.580229103	-4.87	290.50297	4.13	143.45	12.32	82.92	6.506180872	61.82	19.84	362.3165076			
2005 Q3	35	17.10	96.53	9.60	132.60	19.93	6.84	 358.54 	-2.649857401	-5.57	298.3720876	4.15	144.27	10.71	74.02	6.596306069	53.15	17.7	358.7093416			
2005 Q4	36	16.90	97.71	8.94	133.32	21.23	7.70	 355.63 	-2.388024799	-2.90	301.1745546	4.16	146.01	8.82	75.28	6.706908115	63.18	23.68	378.4319047			
2006 Q1	37	16.55	98.84	9.36	134.75	19.07	8.13	 354.53 	-2.856811984	-5.15	318.5031705	4.22	148.92	7.15	75.66	7.112375533	56.43	25.49	371.2611728			
2006 Q2	38	15.82	100.62	9.97	137.64	18.44	7.99	 355.65 	-2.394747007	-6.96	313.5625817	4.28	149.51	5.96	75.53	7.451564829	46.99	25.33	362.4905476			
2006 Q3	39	-13.39	102.77	11.26	140.97	18.31	9.54	 359.49 	-2.936494231	-6.90	314.6880154	4.33	151.23	5.10	81.23	7.639419404	49.86	27.14	335.1624413			
2006 Q4	40	6.22	104.38	12.38	143.16	18.29	10.69	 366.04 	-2.958587792	-8.49	312.5203824	4.42	155.61	4.71	80.02	6.963788301	40.23	23.51	313.4930609			
2007 Q1	41	8.04	104.91	12.35	143.98	17.35	10.35	 376.71 	-3.317666575	-3.63	334.2204016	4.49	159.54	4.16	78.20	7.412898443	45.1	26.94	312.3087997			
2007 Q2	42	-4.55	105.83	11.50	144.72	18.53	11.42	 387.03 	-2.819784323	-4.76	342.1812206	4.52	160.3	3.49	78.94	7.598784195	45.15	22.47	295.9414271			
2007 Q3	43	63.66	106.89	10.08	145.13	20.89	10.89	 403.00 	-3.981654615	-7.15	355.2169946	4.54	161.5	2.72	114.84	7.923930269	81.22	21.59	301.9541782			
2007 Q4	44	95.86	107.39	8.16	144.72	21.54	10.03	 409.86 	-3.148135493	-8.77	366.8863481	4.55	162.41	1.92	151.16	8.223684211	129.37	38.38	358.7239637			
2008 Q1	45	69.39	107.77	7.15	145.03	22.48	9.81	 411.76 	-3.502773611	-5.90	388.7158352	4.47	159.57	1.21	205.94	8.756567426	149.94	63.43	382.6298416			
2008 Q2	46	69.26	108.24	5.83	145.27	19.63	7.92	 401.61 	-4.131236342	-6.18	361.3692007	4.36	153.42	0.51	216.16	8.650519031	149.49	6.83	430.9097039			
2008 Q3	47	100.35	109.10	3.84	145.68	16.09	6.17	 391.56 	-3.462178098	-1.39	372.3107427	4.14	145.12	-0.35	244.31	9.416195857	138.16	60.47	457.2718649			
2008 Q4	48	328.90	109.11	2.48	145.07	12.73	4.83	 404.63 	-4.639099048	8.92	399.3506636	3.91	135.7	-1.28	411.44	11.00110011	312.23	192.2	691.4558928			
2009 Q1	49	138.23	108.92	0.90	144.51	8.56	3.00	 408.42 	-4.105811194	-1.35	393.7750894	3.76	130.79	-2.25	491.45	11.32502831	343.15	244.55	789.0862704			
2009 Q2	50	83.73	108.53	-0.41	143.37	4.62	1.09	 405.15 	-4.166731601	-10.06	363.5048474	3.74	130.1	-3.16	441.20	9.310986965	331.85	201.94	793.8857856			
2009 Q3	51	37.36	107.90	-0.86	141.70	1.11	-0.55	 414.13 	-2.207709765	-14.00	377.7472549	3.81	132.41	-3.52	284.92	5.66893424	328.46	195.3	807.7129018			
2009 Q4	52	10.99	107.17	-0.52	140.46	-0.56	-1.58	 411.48 	-2.868711189	-16.17	369.269858	3.91	136.56	-3.72	228.03	5.25210084	338.14	259.44	821.2288137			
2010 Q1	53	10.63	105.98	-0.28	139.92	-1.67	-2.17	 421.41 	-2.604996668	-9.92	381.1049076	3.94	138.92	-3.79	189.48	5.70450656	343.4	269.35	814.891086			
2010 Q2	54	16.03	104.81	-0.25	137.48	-2.30	-1.72	 408.86 	-2.698856899	-12.64	376.55559	3.94	138.44	-3.95	199.22	7.633587786	345.02	293.33	823.8110742			
2010 Q3	55	19.76	104.22	0.17	136.56	-3.14	-0.65	 409.77 	-3.748815201	-16.32	388.6486258	3.92	138.42	-4.35	211.92	6.963788301	345.7	247.61	829.3435325			
2010 Q4	56	16.71	103.72	0.31	135.22	-3.42	-0.40	 386.66 	-3.616208442	-7.91	370.9885294	3.88	136.74	-4.74	209.45	7.751937984	319.26	264.16	798.8416605			
2011 Q1	57	16.84	103.44	0.62	134.71	-2.68	0.20	 390.74 	-1.568915204	-9.26	372.614169	3.86	135.55	-4.96	201.14	7.052186178	293.3	222.52	783.9495144			
2011 Q2	58	26.83	103.35	1.17	134.58	-1.59	0.66	 387.62 	-0.557912266	-6.34	372.7257077	3.84	132.99	-4.59	196.17	8.333333333	294.27	241.71	810.7445644			
2011 Q3	59	34.35	103.25	1.15	134.16	-0.53	0.42	 381.06 	-2.819226342	-10.34	386.1915935	3.84	131.62	-3.86	261.86	11.40250855	295.91	235.13	807.7516883			
2011 Q4	60	56.81	102.81	1.16	133.45	-0.43	0.81	 373.90 	-2.088326242	-11.56	372.5031254	3.82	131.2	-3.00	323.34	9.433962264	319.84	223.58	837.1810644			
2012 Q1	61	60.04	102.08	1.03	131.89	-2.90	0.65	 371.13 	-2.581245166	-20.14	375.3183586	3.8	130.82	-2.09	296.36	9.46969697	334.14	231.78	824.1314109			
2012 Q2	62	53.50	101.97	1.09	131.59	-3.71	0.80	 372.35 	-3.964579781	-23.18	367.299779	3.79	129.62	-1.59	298.30	9.259259259	362.23	196.05	842.2053584			
2012 Q3	63	27.10	101.75	1.25	131.21	-4.77	1.24	 366.02 	-2.892881815	-23.95	359.8865716	3.75	128.09	-1.84	259.91	8.410428932	363.4	217.96	838.0217354			
2012 Q4	64	8.48	101.55	1.21	131.00	-5.26	0.95	 355.29 	-4.271748159	-28.11	355.4194893	3.75	127.8	-2.46	209.56	8.116883117	339.73	203.11	818.6880289			
2013 Q1	65	5.47	101.29	1.63	130.91	-4.49	1.99	 355.28 	-4.787601352	-17.03	358.6414652	3.76	128.5	-3.14	191.55	6.578947368	300.83	176.8	776.3361575			
2013 Q2	66	5.13	100.83	1.34	130.11	-4.90	1.80	 352.51 	-3.71638164	-15.63	355.2324003	3.77	128.21	-3.65	174.64	7.407407407	267.85	195.22	759.0932931			
2013 Q3	67	7.79	100.00	1.62	129.29	-5.55	1.48	 342.98 	-4.654644634	-19.00	324.9833059	3.79	128.6	-3.55	168.50	6.301197227	237.04	201.75	732.5817055			
2013 Q4	68	9.13	98.81	1.65	127.45	-7.33	2.98	 340.83 	-5.852664956	-17.77	314.7558314	3.81	130.69	-2.92	147.31	6.715916723	218.07	195.79	722.2619582			
2014 Q1	69	8.63	97.55	1.37	125.65	-8.35	1.36	 319.12 	-4.627514184	-16.30	314.8279632	3.86	133.59	-2.03	138.84	6.99790063	207.98	201.12	690.9120052			
2014 Q2	70	6.29	96.93	1.80	124.67	-8.47	2.07	 311.88 	-4.356202643	-19.01	307.9938538	3.93	135.18	-1.25	132.38	6.788866259	207.01	190.61	683.0522622			
2014 Q3	71	6.50	96.80	1.75	124.54	-7.37	3.31	 307.90 	-4.39224787	-20.66	309.5607361	4	136.62	-0.44	134.72	7.10732054	198.38	177.81	668.1011322			
2014 Q4	72	10.26	96.73	2.15	124.75	-6.24	2.29	 303.40 	-5.505079091	-22.82	308.7125161	4.04	137.83	0.18	146.59	6.321112516	193.63	180.44	674.7624081			
2015 Q1	73	5.85	96.41	2.67	125.16	-5.03	2.51	 304.36 	-5.600260891	-19.64	305.6132963	4.05	138.43	0.64	136.09	6.234413965	181.75	174.86	659.3988855			
2015 Q2	74	1.99	96.19	2.69	124.88	-4.12	2.50	 288.56 	-3.317897372	-15.98	282.2474371	4.08	138.33	1.21	135.30	6.618133686	154.39	150.91	645.3065286			
2015 Q3	75	2.93	95.90	3.04	124.86	-3.52	2.49	 292.54 	-4.237867538	-19.71	288.3081433	4.12	139.86	1.98	160.14	5.841121495	155.93	112.53	643.179236			
2015 Q4	76	-3.13	95.47	3.02	124.70	-1.88	2.97	 292.13 	-6.464294642	-22.67	286.7504549	4.18	142.29	2.71	172.52	5.602240896	153.27	97.64	649.9995547			
2016 Q1	77	0.46	95.52	3.05	125.11	0.04	4.81	 294.12 	-5.671459574	-12.92	288.4962902	4.25	144.82	3.34	199.89	4.113533525	182.96	97.31	663.2390108			
2016 Q2	78	6.90	95.95	3.58	125.76	1.09	5.07	 309.36 	-5.10118154	-7.89	305.086395	4.29	146.37	3.80	177.16	3.25732899	171.34	88.8	652.5112293			
2016 Q3	79	15.70	96.36	3.61	126.79	1.54	4.93	 326.69 	-6.134277058	-9.75	315.2018445	4.32	147.12	3.80	152.78	3.183699459	181.94	82.65	668.6415715			
2016 Q4	80	7.49	96.63	3.87	127.21	1.71	4.58	 315.56 	-3.964523282	0.32	306.4143529	4.38	148.08	3.56	151.38	3.305785124	152.96	108.54	646.301386			
2017 Q1	81	7.95	97.39	4.11	128.89	0.55	3.97	 312.96 	-3.239408092	-3.44	309.0728364	4.44	149.02	3.14	144.98	3.534817957	145.09	110.61	638.3152319			
2017 Q2	82	1.69	96.94	3.39	128.73	-0.18	3.83	 309.00 	-3.998184407	-6.83	305.1709851	4.49	150.76	2.69	138.11	3.64298725	146.02	102.04	629.865064			
2017 Q3	83	-8.07	97.44	3.52	129.55	-1.87	3.82	 313.64 	-3.393473777	-10.371	306.7037298	4.54	152.26	2.9	108.4340938	4.100041	120.68	90.29	625.7083034			
2017 Q4	84	-1.40	97.24	3.33	129.15	-1.99	3.79	 325.34 	-3.332145776	-10.047	308.9017202	4.56	153.45	3	100.8459506	4.716981132	114.43	63.86	615.6116235			
2018 Q1	85	-3.08	96.56	3.01	128.27	-1.45	3.54	 325.09 	-3.443212199	-14.927	305.121785	4.55	154.26	2.9	93.04042129	7.788161994	89.55	66.58	594.5972052			
2018 Q2	86	8.41	95.94	3.65	128.46	-1.64	3.82	 327.63 	-4.410129454	-13.567	305.4140951	4.54	154.88	1.6	108.0128469	7.369196758	110.21	63.88	609.6850088			
2018 Q3	87	78.36	95.73	3.44	128.41	1.76	3.54	 320.69 	-4.30733022	-10.093	299.4579041	4.55	155.45	1.3	115.8772359	7.73993808	96.37	40.56	595.2012121			
2018 Q4	88	85.89	95.55	3.20	127.75	2.77	3.66	 318.32 	-5.09816743	-10.473	306.9565262	4.53	155.62	0.5	124.355536	8.532423208	101.88	50.55	606.5600265			
2019 Q1	89	87.95	95.01	2.87	127.47	3.38	3.84	 316.82 	-6.03813946	-16.228	303.5489741	4.5	154.99	-0.5	139.8829034	6.134969325	108.11	50.38	628.6852841			
2019 Q2	90	80.39	95.26	2.78	127.81	5.53	3.41	 315.31 	-4.56606112	-13.857	307.0182287	4.48	154.93	-0.2	123.1163685	5.841121495	120.87	53.81	643.4495919			
																						
																						
																						
																						
																						
																						
																						
																						
																						
																						
																						
																						
																						
																						
																						